0 24 23 22 21
1 24 23 22 21
2 1 24 23 22 21
3 2 1 24 23 22 21
4 3 2 1 24 23 22 21
5 4 3 2 1 24 23 22 21
6 29
7 6 29
8 7 6 29
9 8 7 6 29
10 9 8 7 6 29
11 29
12 11 29
13 12 11 29
14 13 12 11 29
15 14 13 12 11 29
16 24 23 22 21
17 16 24 23 22 21
18 17 16 24 23 22 21
19 18 17 16 24 23 22 21
20 19 18 17 16 24 23 22 21
21
22 21
23 22 21
24 23 22 21
25
26 25
27
28 27
29
30 0 24 23 22 21
31 30 0 24 23 22 21
32 0 24 23 22 21
33 32 0 24 23 22 21
34 29
35 34 29
36 35 34 29
37 36 35 34 29
38 29
39 38 29
40 39 38 29
41 40 39 38 29
42 27
43 42 27
44 43 42 27
45 44 43 42 27
46 27
47 46 27
48 47 46 27
49 48 47 46 27
50 29
51 50 29
52 51 50 29
53 52 51 50 29
54 53 52 51 50 29
55 0 24 23 22 21
56 23 22 21